---
title: Background traffic traces
description: Traffic generated from the CIC-IDS2017 dataset
creation_date: "2017"
version: 1.0
traces:
  - description: Traffic captured using Outlook
    infected_mac_address: 00:50:56:8c:8a:4a
    infected_ip_address: 192.168.1.52
    gateway_mac_address: 00:50:56:8c:16:64
    gateway_ip_address: 192.168.1.1
    bytes: 3596 
    trace_generation_time: 1718867450.780316108
    packets: 4487
    sha256: 5733500642fd2ed97679f24daca6dde693da031b0e699314442573a605b7e087
    binary_date: 1718867450
    trace_name: ids2017_benign1_web
    trace_uri: benign_pcaps/ids2017_benign_monday_00000_20170703135558.pcap
    first_packet_ts: 1718874586.282093
    last_packet_ts: 1718874649.760171